

Final Matrix :
	 6.035665 5.145255 4.239829 5.072977 5.029570 3.892309 4.020759 3.593315 5.090677 4.041377 4.891204 5.014964 4.590263 4.350714 5.174276 4.787794 5.214947 5.384313 4.732201 4.020616
	 6.115594 4.763293 3.774032 5.516123 4.698888 3.450964 3.930582 3.670181 3.772779 3.394947 4.350502 4.260014 3.921019 4.629796 4.809128 4.105616 5.033717 4.122472 4.025437 3.916303
	 8.422622 6.760825 5.463342 6.195668 6.123009 5.420114 5.505351 4.438170 5.474171 5.127666 5.849440 5.537010 5.631689 5.571124 6.240413 6.610246 6.880231 6.017801 6.492569 6.372347
	 7.931029 5.083928 4.454461 5.177374 4.950207 5.889696 4.704748 4.282043 5.628850 4.885350 5.402680 5.745952 4.789148 5.400878 7.143417 5.396882 6.022792 5.736378 6.099041 5.539101
	 7.126001 5.103042 4.892979 4.886760 4.454015 5.140315 4.565159 3.624552 5.003384 4.635941 4.272151 5.678889 3.659225 5.105885 6.059122 5.539444 4.784298 5.289207 4.815174 5.732040
	 8.036938 5.478776 4.734890 5.760970 4.970671 5.338807 4.894637 3.921995 5.474808 5.291179 5.667521 5.667583 3.733805 5.368262 6.403103 5.375852 6.153227 5.490572 5.628762 5.751263
	 8.814813 5.629802 4.760022 6.324749 5.554076 5.659945 5.656834 4.363875 5.882514 4.640398 5.349801 5.703726 4.158743 5.833882 6.627006 5.784369 6.454786 5.782670 6.257834 6.721107
	 6.050160 4.319898 3.535978 4.104364 3.948042 4.683035 4.221604 2.682995 3.979005 4.215218 4.729447 4.531350 4.029283 4.266980 4.876272 3.829443 4.761473 4.958943 4.499754 4.658607
	 8.046960 5.712888 4.299242 5.958921 5.939895 4.733983 5.060265 4.807205 4.545271 4.690191 5.045272 5.575392 4.741561 5.288209 5.965560 5.196225 6.731576 5.361741 6.129411 5.516880
	 5.552387 4.808608 3.901014 3.799433 3.360586 3.886570 3.570436 2.212644 4.489591 3.846410 3.551244 3.752022 3.735056 3.673006 5.210792 4.261339 4.962398 4.521275 4.955658 4.152974
	 7.833694 5.338323 4.275018 5.868140 5.416142 4.705729 5.315427 3.880907 4.965412 4.922401 5.184969 5.690574 4.089607 5.718627 6.553125 4.967892 5.704356 5.070848 5.431763 5.783762
	 6.753328 5.753702 4.469659 4.401149 4.582220 4.712218 3.994428 2.889210 5.354363 3.985857 5.333275 4.265724 5.154156 4.622961 5.919774 4.620295 5.370752 5.489971 4.638503 4.884100
	 7.154901 5.041606 4.628652 5.318760 4.999799 4.769629 3.843892 4.077759 5.112947 3.788968 4.561815 5.051613 3.734696 4.157347 5.066611 5.150065 5.431579 5.439033 5.547625 5.106563
	 7.317344 5.921058 4.209058 5.323872 4.772726 4.099377 4.378397 3.953805 5.254007 4.708613 5.843208 4.517013 5.699209 4.922470 6.714283 5.302627 6.771986 5.148173 5.844612 4.902689
	 6.540141 4.759314 4.188807 5.151485 4.931628 4.065929 4.507155 4.047338 3.938307 4.218147 3.958255 5.461432 3.482709 4.775983 4.843906 4.784599 4.771451 4.336839 5.245904 4.411233
	 6.891044 5.344913 4.120241 5.826363 4.994917 4.509039 4.230236 3.941386 4.795317 4.341079 5.294426 5.274590 4.442922 4.991704 5.886743 5.051920 5.518123 4.645224 5.609837 4.596588
	 9.784223 7.272939 6.068738 6.652821 6.377429 6.496907 5.308532 5.100102 6.633370 5.065334 6.119178 6.519480 6.285329 6.811664 8.342367 6.193657 7.271872 7.216885 6.195940 7.156393
	 7.117454 6.098043 4.580520 4.484501 5.066545 5.336418 4.500573 3.556490 5.164456 5.116493 4.837533 6.154197 5.432711 5.140812 6.703183 6.126657 6.986521 6.116751 7.031644 5.205140
	 8.312461 6.233997 4.554702 5.291523 4.994769 4.839601 5.536217 4.592909 4.868040 4.885272 5.679982 5.156162 5.787977 5.668864 6.708840 5.804315 6.802229 5.882165 6.194570 5.638574
	 6.912597 5.129106 4.470170 5.512868 4.539472 4.468432 4.316350 3.699632 4.963847 3.938632 4.886525 4.669731 4.397379 4.709373 5.825482 4.966476 5.584925 5.503492 4.919671 5.101022

